100 0.002347
200 0.002258
300 0.003518
400 0.003488
500 0.001424
600 0.001293
700 0.001462
800 0.001002
900 0.000888
1000 0.000856
1100 0.000857
1200 0.000854
1300 0.000799
1400 0.001054
1500 0.001086
1600 0.001012
1700 0.000674
1800 0.000670
1900 0.000593
2000 0.000527
2100 0.000531
2200 0.000570
2300 0.000534
2400 0.000528
2500 0.000530
2600 0.000533
2700 0.000531
2800 0.000551
2900 0.000473
3000 0.000454
3100 0.000555
3200 0.000617
3300 0.000498
3400 0.000445
3500 0.000446
3600 0.000443
3700 0.000445
3800 0.000445
3900 0.000397
4000 0.000396
4100 0.000397
4200 0.000395
4300 0.000432
4400 0.000417
4500 0.000759
4600 0.000734
4700 0.000618
4800 0.000423
4900 0.000400
5000 0.000442
5100 0.000399
5200 0.000396
5300 0.000398
5400 0.000395
5500 0.000398
5600 0.000428
5700 0.000462
5800 0.000396
5900 0.000398
6000 0.000400
6100 0.000398
6200 0.000396
6300 0.000397
6400 0.000498
6500 0.000476
6600 0.000541
6700 0.000517
6800 0.000461
6900 0.000401
7000 0.000434
7100 0.000397
7200 0.000395
7300 0.000397
7400 0.000394
7500 0.000396
7600 0.000461
7700 0.000398
7800 0.000570
7900 0.000673
8000 0.000399
8100 0.000440
8200 0.000609
8300 0.000706
8400 0.000688
8500 0.000502
8600 0.000402
8700 0.000400
8800 0.000398
8900 0.000400
9000 0.000397
9100 0.000399
9200 0.000396
9300 0.000508
9400 0.000402
9500 0.000399
9600 0.000396
9700 0.000397
9800 0.000395
9900 0.000397
10000 0.000396
10100 0.000518
10200 0.000467
10300 0.000525
10400 0.000489
10500 0.000401
10600 0.000396
10700 0.000437
10800 0.000396
10900 0.000398
11000 0.000396
11100 0.000398
11200 0.000395
11300 0.000403
11400 0.000396
11500 0.000398
11600 0.000396
11700 0.000397
11800 0.000395
11900 0.000398
12000 0.000395
12100 0.000558
12200 0.000703
12300 0.000729
12400 0.000460
12500 0.000419
12600 0.000412
12700 0.000414
12800 0.000412
12900 0.000413
13000 0.000411
13100 0.000483
13200 0.000413
13300 0.000413
13400 0.000412
13500 0.000413
13600 0.000411
13700 0.000413
13800 0.000450
13900 0.000442
14000 0.000582
14100 0.000538
14200 0.000419
14300 0.000416
14400 0.000411
14500 0.000412
14600 0.000411
14700 0.000413
14800 0.000410
14900 0.000420
15000 0.000411
15100 0.000412
15200 0.000411
15300 0.000413
15400 0.000409
15500 0.000412
15600 0.000410
15700 0.000413
15800 0.000410
15900 0.000612
16000 0.000719
16100 0.000691
16200 0.000492
16300 0.000428
16400 0.000399
16500 0.000399
16600 0.000405
16700 0.000399
16800 0.000493
16900 0.000401
17000 0.000396
17100 0.000398
17200 0.000396
17300 0.000398
17400 0.000395
17500 0.000397
17600 0.000530
17700 0.000532
17800 0.000502
17900 0.000579
18000 0.000647
18100 0.000803
18200 0.000901
18300 0.000675
18400 0.000432
18500 0.000467
18600 0.000448
18700 0.000416
18800 0.000416
18900 0.000420
19000 0.000431
19100 0.000432
19200 0.000478
19300 0.000522
19400 0.000782
19500 0.000644
19600 0.001681
19700 0.000854
19800 0.000422
19900 0.000416
20000 0.000412
20100 0.000414
20200 0.000411
20300 0.000412
20400 0.000421
20500 0.000452
20600 0.000441
20700 0.000439
20800 0.000616
20900 0.000651
21000 0.000570
21100 0.000575
21200 0.000413
21300 0.000413
21400 0.000409
21500 0.000455
21600 0.000417
21700 0.000448
21800 0.000430
21900 0.000432
22000 0.000443
22100 0.000638
22200 0.000605
22300 0.000444
22400 0.000398
22500 0.000400
22600 0.000459
22700 0.000427
22800 0.000762
22900 0.000643
23000 0.000560
23100 0.000402
23200 0.000468
23300 0.000400
23400 0.000396
23500 0.000397
23600 0.000395
23700 0.000405
23800 0.000396
23900 0.000432
24000 0.000461
24100 0.000423
24200 0.000564
24300 0.000651
24400 0.000603
24500 0.000622
24600 0.000404
24700 0.000398
24800 0.000396
24900 0.000397
25000 0.000398
25100 0.000397
25200 0.000396
25300 0.000397
25400 0.000401
25500 0.000397
25600 0.000396
25700 0.000398
25800 0.000395
25900 0.000398
26000 0.000396
26100 0.000397
26200 0.000395
26300 0.000396
26400 0.000433
26500 0.000421
26600 0.000697
26700 0.000432
26800 0.000753
26900 0.000497
27000 0.000399
27100 0.000399
27200 0.000404
27300 0.000398
27400 0.000396
27500 0.000397
27600 0.000395
27700 0.000565
27800 0.000491
27900 0.000516
28000 0.000497
28100 0.000414
28200 0.000396
28300 0.000435
28400 0.000395
28500 0.000397
28600 0.000394
28700 0.000398
28800 0.000394
28900 0.000397
29000 0.000395
29100 0.000399
29200 0.000615
29300 0.000417
29400 0.000396
29500 0.000397
29600 0.000434
29700 0.000414
29800 0.000395
29900 0.000397
30000 0.000399
30100 0.000397
30200 0.000395
30300 0.000433
30400 0.000411
30500 0.000758
30600 0.000518
30700 0.000786
30800 0.000408
30900 0.000400
31000 0.000396
31100 0.000398
31200 0.000396
31300 0.000398
31400 0.000395
31500 0.000533
31600 0.000432
31700 0.000604
31800 0.000501
31900 0.000402
32000 0.000396
32100 0.000455
32200 0.000410
32300 0.000412
32400 0.000395
32500 0.000397
32600 0.000402
32700 0.000397
32800 0.000395
32900 0.000648
33000 0.000462
33100 0.000398
33200 0.000395
33300 0.000397
33400 0.000394
33500 0.000396
33600 0.000398
33700 0.000397
33800 0.000395
33900 0.000396
34000 0.000396
34100 0.000397
34200 0.000437
34300 0.000413
34400 0.000684
34500 0.000564
34600 0.000690
34700 0.000418
34800 0.000413
34900 0.000414
35000 0.000410
35100 0.000478
35200 0.000435
35300 0.000586
35400 0.000525
35500 0.000418
35600 0.000412
35700 0.000412
35800 0.000411
35900 0.000413
36000 0.000409
36100 0.000411
36200 0.000417
36300 0.000413
36400 0.000410
36500 0.000411
36600 0.000410
36700 0.000411
36800 0.000409
36900 0.000411
37000 0.000410
37100 0.000412
37200 0.000412
37300 0.000411
37400 0.000410
37500 0.000412
37600 0.000408
37700 0.000411
37800 0.000409
37900 0.000412
38000 0.000408
38100 0.000435
38200 0.000487
38300 0.000659
38400 0.000747
38500 0.000474
38600 0.000399
38700 0.000438
38800 0.000521
38900 0.000537
39000 0.000524
39100 0.000476
39200 0.000400
39300 0.000463
39400 0.000398
39500 0.000399
39600 0.000396
39700 0.000397
39800 0.000465
39900 0.000398
40000 0.000394
40100 0.000397
40200 0.000396
40300 0.000397
40400 0.000394
40500 0.000396
40600 0.000395
40700 0.000397
40800 0.000397
40900 0.000396
41000 0.000395
41100 0.000450
41200 0.000394
41300 0.000396
41400 0.000395
41500 0.000397
41600 0.000394
41700 0.000396
41800 0.000398
41900 0.000397
42000 0.000434
42100 0.000461
42200 0.000751
42300 0.000519
42400 0.000679
42500 0.000403
42600 0.000405
42700 0.000489
42800 0.000484
42900 0.000545
43000 0.000496
43100 0.000416
43200 0.000434
43300 0.000397
43400 0.000403
43500 0.000398
43600 0.000395
43700 0.000396
43800 0.000395
43900 0.000397
44000 0.000395
44100 0.000397
44200 0.000396
44300 0.000397
44400 0.000398
44500 0.000397
44600 0.000395
44700 0.000398
44800 0.000394
44900 0.000397
45000 0.000395
45100 0.000397
45200 0.000412
45300 0.000417
45400 0.000398
45500 0.000398
45600 0.000395
45700 0.000396
45800 0.000494
45900 0.000522
46000 0.000432
46100 0.000653
46200 0.000495
46300 0.000789
46400 0.000401
46500 0.000400
46600 0.000492
46700 0.000465
46800 0.000552
46900 0.000522
47000 0.000404
47100 0.000409
47200 0.000435
47300 0.000397
47400 0.000396
47500 0.000398
47600 0.000395
47700 0.000396
47800 0.000396
47900 0.000399
48000 0.000395
48100 0.000399
48200 0.000396
48300 0.000397
48400 0.000395
48500 0.000397
48600 0.000396
48700 0.000397
48800 0.000395
48900 0.000397
49000 0.000508
49100 0.000581
49200 0.000397
49300 0.000397
49400 0.000395
49500 0.000398
49600 0.000395
49700 0.000518
49800 0.000438
49900 0.000443
50000 0.000720
50100 0.000662
50200 0.000538
50300 0.000417
50400 0.000460
50500 0.000479
50600 0.000584
50700 0.000558
50800 0.000419
50900 0.000399
51000 0.000435
51100 0.000397
51200 0.000395
51300 0.000396
51400 0.000395
51500 0.000397
51600 0.000399
51700 0.000430
51800 0.000642
51900 0.000406
52000 0.000396
52100 0.000397
52200 0.000444
52300 0.000398
52400 0.000394
52500 0.000400
52600 0.000395
52700 0.000397
52800 0.000395
52900 0.000396
53000 0.000394
53100 0.000398
53200 0.000394
53300 0.000396
53400 0.000529
53500 0.000402
53600 0.000413
53700 0.000429
53800 0.000757
53900 0.000485
54000 0.000675
54100 0.000403
54200 0.000397
54300 0.000547
54400 0.000435
54500 0.000563
54600 0.000516
54700 0.000403
54800 0.000395
54900 0.000436
55000 0.000396
55100 0.000397
55200 0.000402
55300 0.000396
55400 0.000395
55500 0.000469
55600 0.000396
55700 0.000395
55800 0.000393
55900 0.000394
56000 0.000395
56100 0.000395
56200 0.000400
56300 0.000394
56400 0.000417
56500 0.000415
56600 0.000394
56700 0.000394
56800 0.000393
56900 0.000392
57000 0.000393
57100 0.000394
57200 0.000540
57300 0.000395
57400 0.000392
57500 0.000428
57600 0.000409
57700 0.000666
57800 0.000457
57900 0.000685
58000 0.000407
58100 0.000396
58200 0.000537
58300 0.000446
58400 0.000585
58500 0.000510
58600 0.000400
58700 0.000395
58800 0.000441
58900 0.000393
59000 0.000394
59100 0.000394
59200 0.000393
59300 0.000393
59400 0.000393
59500 0.000393
59600 0.000393
59700 0.000393
59800 0.000416
59900 0.000410
60000 0.000393
60100 0.000393
60200 0.000393
60300 0.000393
60400 0.000393
60500 0.000393
60600 0.000392
60700 0.000393
60800 0.000397
60900 0.000394
61000 0.000532
61100 0.000396
61200 0.000394
61300 0.000393
61400 0.000393
61500 0.000444
61600 0.000543
61700 0.000516
61800 0.000713
61900 0.000432
62000 0.000395
62100 0.000494
62200 0.000466
62300 0.000545
62400 0.000494
62500 0.000479
62600 0.000397
62700 0.000450
62800 0.000394
62900 0.000394
63000 0.000394
63100 0.000394
63200 0.000393
63300 0.000394
63400 0.000393
63500 0.000397
63600 0.000395
63700 0.000394
63800 0.000394
63900 0.000447
64000 0.000395
64100 0.000394
64200 0.000393
64300 0.000393
64400 0.000392
64500 0.000397
64600 0.000394
64700 0.000394
64800 0.000397
64900 0.000510
65000 0.000395
65100 0.000394
65200 0.000393
65300 0.000394
65400 0.000432
65500 0.000415
65600 0.000654
65700 0.000559
65800 0.000564
65900 0.000413
66000 0.000423
66100 0.000517
66200 0.000520
66300 0.000522
66400 0.000471
66500 0.000397
66600 0.000420
66700 0.000409
66800 0.000407
66900 0.000408
67000 0.000408
67100 0.000408
67200 0.000414
67300 0.000409
67400 0.000408
67500 0.000408
67600 0.000408
67700 0.000408
67800 0.000408
67900 0.000409
68000 0.000408
68100 0.000408
68200 0.000412
68300 0.000408
68400 0.000407
68500 0.000408
68600 0.000668
68700 0.000416
68800 0.000395
68900 0.000395
69000 0.000394
69100 0.000400
69200 0.000395
69300 0.000442
69400 0.000698
69500 0.000473
69600 0.000749
69700 0.000419
69800 0.000412
69900 0.000502
70000 0.000457
70100 0.000539
70200 0.000495
70300 0.000401
70400 0.000395
70500 0.000435
70600 0.000395
70700 0.000395
70800 0.000401
70900 0.000394
71000 0.000395
71100 0.000394
71200 0.000394
71300 0.000394
71400 0.000394
71500 0.000393
71600 0.000393
71700 0.000394
71800 0.000396
71900 0.000393
72000 0.000393
72100 0.000394
72200 0.000394
72300 0.000394
72400 0.000392
72500 0.000512
72600 0.000395
72700 0.000393
72800 0.000396
72900 0.000394
73000 0.000393
73100 0.000393
73200 0.000429
73300 0.000411
73400 0.000775
73500 0.000488
73600 0.000771
73700 0.000399
73800 0.000395
73900 0.000520
74000 0.000441
74100 0.000543
74200 0.000531
74300 0.000416
74400 0.000418
74500 0.000664
74600 0.000612
74700 0.000410
74800 0.000423
74900 0.000408
75000 0.000413
75100 0.000392
75200 0.000393
75300 0.000434
75400 0.000394
75500 0.000393
75600 0.000392
75700 0.000393
75800 0.000428
75900 0.000394
76000 0.000393
76100 0.000498
76200 0.000411
76300 0.000398
76400 0.000394
76500 0.000393
76600 0.000392
76700 0.000393
76800 0.000392
76900 0.000393
77000 0.000424
77100 0.000411
77200 0.000669
77300 0.000490
77400 0.000774
77500 0.000431
77600 0.000410
77700 0.000494
77800 0.000460
77900 0.000525
78000 0.000560
78100 0.000414
78200 0.000410
78300 0.000413
78400 0.000393
78500 0.000392
78600 0.000393
78700 0.000393
78800 0.000393
78900 0.000393
79000 0.000397
79100 0.000393
79200 0.000393
79300 0.000392
79400 0.000392
79500 0.000393
79600 0.000393
79700 0.000392
79800 0.000393
79900 0.000393
80000 0.000526
80100 0.000395
80200 0.000393
80300 0.000393
80400 0.000392
80500 0.000507
80600 0.000398
80700 0.000394
80800 0.000394
80900 0.000449
81000 0.000425
81100 0.000584
81200 0.000557
81300 0.000695
81400 0.000454
81500 0.000412
81600 0.000473
81700 0.000470
81800 0.000579
81900 0.000556
82000 0.000402
82100 0.000394
82200 0.000433
82300 0.000394
82400 0.000394
82500 0.000392
82600 0.000439
82700 0.000394
82800 0.000393
82900 0.000392
83000 0.000392
83100 0.000393
83200 0.000393
83300 0.000393
83400 0.000393
83500 0.000393
83600 0.000448
83700 0.000441
83800 0.000467
83900 0.000395
84000 0.000393
84100 0.000393
84200 0.000393
84300 0.000393
84400 0.000393
84500 0.000392
84600 0.000433
84700 0.000393
84800 0.000393
84900 0.000432
85000 0.000414
85100 0.000762
85200 0.000684
85300 0.000582
85400 0.000398
85500 0.000422
85600 0.000491
85700 0.000510
85800 0.000499
85900 0.000484
86000 0.000397
86100 0.000393
86200 0.000457
86300 0.000394
86400 0.000393
86500 0.000393
86600 0.000448
86700 0.000394
86800 0.000393
86900 0.000393
87000 0.000393
87100 0.000393
87200 0.000395
87300 0.000393
87400 0.000393
87500 0.000419
87600 0.000487
87700 0.000394
87800 0.000393
87900 0.000393
88000 0.000393
88100 0.000392
88200 0.000397
88300 0.000394
88400 0.000393
88500 0.000393
88600 0.000393
88700 0.000393
88800 0.000393
88900 0.000443
89000 0.000565
89100 0.000571
89200 0.000767
89300 0.000430
89400 0.000411
89500 0.000506
89600 0.000477
89700 0.000551
89800 0.000523
89900 0.000519
90000 0.000395
90100 0.000431
90200 0.000394
90300 0.000393
90400 0.000393
90500 0.000392
90600 0.000393
90700 0.000395
90800 0.000393
90900 0.000395
91000 0.000394
91100 0.000394
91200 0.000394
91300 0.000393
91400 0.000532
91500 0.000396
91600 0.000394
91700 0.000394
91800 0.000397
91900 0.000393
92000 0.000394
92100 0.000393
92200 0.000393
92300 0.000393
92400 0.000393
92500 0.000393
92600 0.000392
92700 0.000394
92800 0.000431
92900 0.000413
93000 0.000698
93100 0.000511
93200 0.000686
93300 0.000414
93400 0.000409
93500 0.000469
93600 0.000561
93700 0.000530
93800 0.000477
93900 0.000399
94000 0.000451
94100 0.000393
94200 0.000392
94300 0.000393
94400 0.000393
94500 0.000399
94600 0.000393
94700 0.000394
94800 0.000393
94900 0.000393
95000 0.000392
95100 0.000394
95200 0.000521
95300 0.000396
95400 0.000393
95500 0.000397
95600 0.000393
95700 0.000393
95800 0.000392
95900 0.000394
96000 0.000393
96100 0.000393
96200 0.000392
96300 0.000392
96400 0.000393
96500 0.000395
96600 0.000393
96700 0.000393
96800 0.000437
96900 0.000447
97000 0.000650
97100 0.000613
97200 0.000522
97300 0.000426
97400 0.000709
97500 0.000703
97600 0.000506
97700 0.000517
97800 0.000518
97900 0.000400
98000 0.000433
98100 0.000402
98200 0.000393
98300 0.000393
98400 0.000393
98500 0.000393
98600 0.000393
98700 0.000393
98800 0.000393
98900 0.000462
99000 0.000444
99100 0.000398
99200 0.000394
99300 0.000393
99400 0.000393
99500 0.000394
99600 0.000393
99700 0.000393
99800 0.000392
99900 0.000393
